-----------------------------PL1 PRODUCTION-------------------------------------- 
0.0 
1.2000000000000028 
0.5999999999999996 
2.5999999999999996 
0.5999999999999979 
0.0 
0.0 
0.0 
0.0 
0.0 
-----------------------------CUT PRODUCTION-------------------------------------- 
0.0 
0.0 
0.0 
0.0 
1.0 
1.0 
1.0 
1.0 
0.0 
1.0 
-----------------------------WIP AMOUNTS---------------------------------------- 
0.0 
1.2000000000000028 
1.8000000000000025 
4.400000000000002 
4.0 
3.0 
2.0 
1.0 
1.0 
0.0 
