-----------------------------PL2 PRODUCTION-------------------------------------- 
2.0 
1.0 
3.0 
1.0 
1.0 
1.0 
3.0 
1.0 
1.0000000000000018 
2.0 
3.0 
2.0 
1.0 
3.0 
2.0 
1.0 
2.0 
1.0 
2.0 
3.0 
-----------------------------CUT PRODUCTION---------------------------------------- 
2.0 
1.0 
3.0 
1.0 
1.0 
1.0 
3.0 
1.0 
1.0 
2.0 
3.0 
2.0 
1.0 
3.0 
2.0 
1.0 
2.0 
1.0 
2.0 
3.0 
-----------------------------WIP AMOUNTS---------------------------------------- 
0.0 
0.0 
0.0 
0.0 
0.0 
0.0 
0.0 
0.0 
0.0 
0.0 
0.0 
0.0 
0.0 
0.0 
0.0 
0.0 
0.0 
0.0 
0.0 
0.0 
