-----------------------------PL2 PRODUCTION-------------------------------------- 
0.0 
1.0 
4.0 
1.0 
4.600000000000001 
2.5999999999999996 
2.5999999999999996 
0.1999999999999993 
0.0 
0.0 
2.0 
0.0 
3.0 
5.600000000000001 
2.5999999999999996 
2.5999999999999996 
2.5999999999999996 
1.5999999999999996 
3.0 
1.0 
-----------------------------CUT PRODUCTION---------------------------------------- 
0.0 
1.0 
4.0 
1.0 
3.200000000000003 
2.799999999999997 
3.0 
0.0 
1.0 
0.0 
2.0 
0.0 
3.0 
4.0 
2.200000000000001 
1.799999999999999 
3.0 
4.0 
3.0 
1.0 
-----------------------------WIP AMOUNTS---------------------------------------- 
0.0 
0.0 
0.0 
0.0 
1.3999999999999986 
1.200000000000001 
0.8000000000000007 
1.0 
0.0 
0.0 
0.0 
0.0 
0.0 
1.6000000000000014 
2.0 
2.8000000000000007 
2.4000000000000004 
0.0 
0.0 
0.0 
