0.0 
0.0 
3.0 
2.0 
1.0 
3.0 
0.0 
4.0 
4.0 
1.0 
2.0 
3.0 
3.0 
2.0 
3.0 
2.0 
2.0 
2.0 
0.0 
3.0 
-------------------------------------------------------------------------------------------------------------
0.0 
0.0 
1.0 
2.0 
0.0 
0.0 
1.0 
0.0 
0.0 
0.0 
1.0 
0.0 
0.0 
2.0 
0.0 
1.0 
0.0 
0.0 
0.0 
2.0 
-------------------------------------------------------------------------------------------------------------
11.0 
11.0 
5.0 
8.0 
6.0 
7.0 
10.0 
8.4 
8.6 
10.0 
8.0 
9.0 
6.0 
5.0 
7.0 
8.0 
8.0 
9.0 
9.0 
6.0 
-------------------------------------------------------------------------------------------------------------
0.0 
1.0 
4.0 
1.0 
3.200000000000003 
2.799999999999997 
3.0 
0.0 
1.0 
0.0 
2.0 
0.0 
3.0 
4.0 
2.200000000000001 
1.799999999999999 
3.0 
4.0 
3.0 
1.0 
