-----------------------------PL2 PRODUCTION-------------------------------------- 
0.0 
3.6000000000000014 
2.5999999999999996 
2.5999999999999996 
2.5999999999999996 
0.5999999999999996 
1.0 
3.4000000000000004 
1.5999999999999996 
2.0 
-----------------------------CUT PRODUCTION---------------------------------------- 
0.0 
3.0 
2.0 
3.0 
2.0 
2.0 
1.0 
3.0 
2.0 
2.0 
-----------------------------WIP AMOUNTS---------------------------------------- 
0.0 
0.6000000000000014 
1.200000000000001 
0.8000000000000007 
1.4000000000000004 
0.0 
0.0 
0.40000000000000036 
0.0 
0.0 
