-----------------------------PL1 PRODUCTION-------------------------------------- 
0.0 
1.0 
1.0 
0.0 
0.0 
0.0 
0.0 
2.0 
0.0 
0.0 
0.0 
0.0 
0.0 
0.0 
0.0 
2.0 
0.0 
2.0 
0.0 
0.0 
-----------------------------CUT PRODUCTION-------------------------------------- 
0.0 
1.0 
0.0 
1.0 
0.0 
0.0 
0.0 
0.20000000000000107 
0.7999999999999989 
0.0 
1.0 
0.0 
0.0 
0.0 
0.0 
2.0 
0.0 
2.0 
0.0 
0.0 
-----------------------------WIP AMOUNTS---------------------------------------- 
0.0 
0.0 
1.0 
0.0 
0.0 
0.0 
0.0 
1.799999999999999 
1.0 
1.0 
0.0 
0.0 
0.0 
0.0 
0.0 
0.0 
0.0 
0.0 
0.0 
0.0 
