1.0 
1.0 
3.0 
2.0 
0.0 
2.0 
3.0 
0.0 
3.0 
3.0 
2.0 
3.0 
0.0 
2.0 
1.0 
3.0 
0.0 
2.0 
2.0 
1.0 
-------------------------------------------------------------------------------------------------------------
0.0 
1.0 
0.0 
1.0 
0.0 
0.0 
0.0 
0.20000000000000107 
0.7999999999999989 
0.0 
1.0 
0.0 
0.0 
0.0 
0.0 
2.0 
0.0 
2.0 
0.0 
0.0 
-------------------------------------------------------------------------------------------------------------
5.0 
7.0 
5.4 
10.6 
8.0 
4.0 
7.0 
5.4 
9.6 
5.0 
10.4 
9.6 
11.0 
9.0 
3.0 
4.0 
5.0 
3.0 
6.0 
6.0 
-------------------------------------------------------------------------------------------------------------
3.0 
2.0 
1.0 
1.0 
1.0 
2.0 
3.0 
0.0 
2.0 
3.0 
3.0 
1.0 
1.0 
2.0 
4.0 
2.0 
1.0 
1.0 
0.0 
1.0 
