-----------------------------PL1 PRODUCTION-------------------------------------- 
1.6000000000000014 
0.0 
0.0 
0.0 
0.0 
0.0 
1.5999999999999996 
0.1999999999999993 
0.0 
0.5999999999999996 
-----------------------------CUT PRODUCTION-------------------------------------- 
0.0 
1.0 
0.0 
0.0 
0.0 
0.0 
1.0 
1.0 
0.0 
1.0 
-----------------------------WIP AMOUNTS---------------------------------------- 
1.6000000000000014 
0.6000000000000014 
0.6000000000000014 
0.6000000000000014 
0.6000000000000014 
0.6000000000000014 
1.200000000000001 
0.40000000000000036 
0.40000000000000036 
0.0 
