-----------------------------PL2 PRODUCTION-------------------------------------- 
1.0 
1.0 
2.0 
0.40000000000000036 
3.5999999999999996 
2.8000000000000007 
1.5999999999999996 
3.5999999999999996 
2.4000000000000004 
1.5999999999999996 
-----------------------------CUT PRODUCTION---------------------------------------- 
1.0 
1.0 
2.0 
0.0 
4.0 
1.0 
3.0 
4.0 
2.0 
2.0 
-----------------------------WIP AMOUNTS---------------------------------------- 
0.0 
0.0 
0.0 
0.40000000000000036 
0.0 
1.8000000000000007 
0.40000000000000036 
0.0 
0.40000000000000036 
0.0 
