-----------------------------PL2 PRODUCTION-------------------------------------- 
3.4000000000000004 
0.5999999999999996 
1.4000000000000004 
2.5999999999999996 
4.4 
0.5999999999999996 
3.0 
1.0 
1.0 
2.0 
1.0 
1.0 
3.0 
1.0 
1.0 
2.0 
2.0 
2.0 
0.0 
1.0 
-----------------------------CUT PRODUCTION---------------------------------------- 
3.0 
1.0 
1.0 
3.0 
3.0 
2.0 
3.0 
1.0 
1.0 
2.0 
1.0 
1.0 
3.0 
1.0 
1.0 
2.0 
2.0 
2.0 
0.0 
1.0 
-----------------------------WIP AMOUNTS---------------------------------------- 
0.40000000000000036 
0.0 
0.40000000000000036 
0.0 
1.4000000000000004 
0.0 
0.0 
0.0 
0.0 
0.0 
0.0 
0.0 
0.0 
0.0 
0.0 
0.0 
0.0 
0.0 
0.0 
0.0 
