-----------------------------PL1 PRODUCTION-------------------------------------- 
0.0 
1.0 
0.0 
0.0 
0.0 
1.0 
1.0 
2.1999999999999993 
0.40000000000000036 
0.40000000000000036 
0.0 
0.0 
1.0 
0.0 
1.0 
0.0 
1.0 
1.0 
1.0 
0.0 
0.0 
0.0 
0.0 
0.7999999999999989 
1.200000000000001 
0.0 
0.0 
1.0 
0.0 
0.0 
-----------------------------CUT PRODUCTION-------------------------------------- 
0.0 
1.0 
0.0 
0.0 
0.0 
1.0 
1.0 
1.0 
1.0 
1.0 
0.0 
0.0 
1.0 
0.0 
1.0 
0.0 
1.0 
1.0 
1.0 
0.0 
0.0 
0.0 
0.0 
0.0 
1.0 
1.0 
0.0 
1.0 
0.0 
0.0 
-----------------------------WIP AMOUNTS---------------------------------------- 
0.0 
0.0 
0.0 
0.0 
0.0 
0.0 
0.0 
1.1999999999999993 
0.5999999999999996 
0.0 
0.0 
0.0 
0.0 
0.0 
0.0 
0.0 
0.0 
0.0 
0.0 
0.0 
0.0 
0.0 
0.0 
0.7999999999999989 
1.0 
0.0 
0.0 
0.0 
0.0 
0.0 
