-----------------------------PL2 PRODUCTION-------------------------------------- 
1.0 
0.0 
0.0 
0.0 
1.0 
1.0 
1.0 
1.0 
7.0 
3.6000000000000014 
0.0 
1.5999999999999996 
1.5999999999999996 
0.5999999999999996 
0.5999999999999996 
2.4000000000000004 
1.5999999999999996 
0.0 
1.0 
3.0 
2.0 
1.0 
0.0 
4.0 
3.0 
3.4000000000000004 
3.5999999999999996 
4.0 
2.4000000000000004 
0.5999999999999996 
-----------------------------CUT PRODUCTION---------------------------------------- 
1.0 
0.0 
0.0 
0.0 
1.0 
1.0 
1.0 
1.0 
7.0 
2.0 
0.0 
2.0 
1.0 
2.0 
1.0 
1.0 
3.0 
0.0 
1.0 
3.0 
2.0 
1.0 
0.0 
4.0 
3.0 
3.0 
4.0 
4.0 
2.0 
1.0 
-----------------------------WIP AMOUNTS---------------------------------------- 
0.0 
0.0 
0.0 
0.0 
0.0 
0.0 
0.0 
0.0 
0.0 
1.6000000000000014 
1.6000000000000014 
1.200000000000001 
1.8000000000000007 
0.40000000000000036 
0.0 
1.4000000000000004 
0.0 
0.0 
0.0 
0.0 
0.0 
0.0 
0.0 
0.0 
0.0 
0.40000000000000036 
0.0 
0.0 
0.40000000000000036 
0.0 
