-----------------------------PL1 PRODUCTION-------------------------------------- 
0.0 
0.0 
0.0 
0.0 
0.0 
0.0 
0.0 
0.0 
1.0 
1.5999999999999996 
0.40000000000000036 
1.0 
0.0 
1.0 
1.0 
0.0 
1.0 
0.0 
0.0 
0.0 
0.0 
1.0 
1.0 
1.0 
1.0 
0.0 
0.0 
1.0 
0.0 
1.0 
-----------------------------CUT PRODUCTION-------------------------------------- 
0.0 
0.0 
0.0 
0.0 
0.0 
0.0 
0.0 
0.0 
1.0 
1.0 
1.0 
1.0 
0.0 
1.0 
1.0 
0.0 
1.0 
0.0 
0.0 
0.0 
0.0 
1.0 
1.0 
1.0 
1.0 
0.0 
0.0 
1.0 
0.0 
1.0 
-----------------------------WIP AMOUNTS---------------------------------------- 
0.0 
0.0 
0.0 
0.0 
0.0 
0.0 
0.0 
0.0 
0.0 
0.5999999999999996 
0.0 
0.0 
0.0 
0.0 
0.0 
0.0 
0.0 
0.0 
0.0 
0.0 
0.0 
0.0 
0.0 
0.0 
0.0 
0.0 
0.0 
0.0 
0.0 
0.0 
