-----------------------------PL1 PRODUCTION-------------------------------------- 
0.0 
0.0 
0.0 
0.0 
0.0 
1.0 
1.0 
4.125 
1.2750000000000021 
5.599999999999998 
0.0 
0.0 
0.0 
0.0 
0.0 
0.0 
0.0 
2.0 
0.0 
0.0 
0.0 
1.0 
1.0 
0.0 
0.0 
0.0 
0.0 
0.0 
1.0 
0.0 
-----------------------------CUT PRODUCTION-------------------------------------- 
0.0 
0.0 
0.0 
0.0 
0.0 
1.0 
1.0 
4.125 
0.875 
3.200000000000001 
0.0 
0.0 
1.799999999999999 
0.0 
1.0 
0.0 
0.0 
2.0 
0.0 
0.0 
0.0 
1.0 
1.0 
0.0 
0.0 
0.0 
0.0 
0.0 
0.0 
1.0 
-----------------------------WIP AMOUNTS---------------------------------------- 
0.0 
0.0 
0.0 
0.0 
0.0 
0.0 
0.0 
0.0 
0.40000000000000213 
2.799999999999999 
2.799999999999999 
2.799999999999999 
1.0 
1.0 
0.0 
0.0 
0.0 
0.0 
0.0 
0.0 
0.0 
0.0 
0.0 
0.0 
0.0 
0.0 
0.0 
0.0 
1.0 
0.0 
