-----------------------------PL1 PRODUCTION-------------------------------------- 
0.0 
1.0 
0.0 
1.0 
1.0 
0.0 
0.0 
0.8000000000000025 
0.5999999999999996 
2.599999999999998 
0.0 
0.0 
0.0 
0.0 
0.0 
0.0 
0.0 
2.0 
0.0 
0.0 
0.0 
1.0 
1.0 
0.0 
0.0 
0.0 
0.0 
0.0 
1.0 
0.0 
-----------------------------CUT PRODUCTION-------------------------------------- 
0.0 
1.0 
0.0 
1.0 
0.0 
1.0 
0.0 
0.0 
0.0 
3.0 
0.0 
0.0 
0.0 
0.0 
1.0 
0.0 
0.0 
2.0 
0.0 
0.0 
0.0 
1.0 
1.0 
0.0 
0.0 
0.0 
0.0 
0.0 
0.0 
1.0 
-----------------------------WIP AMOUNTS---------------------------------------- 
0.0 
0.0 
0.0 
0.0 
1.0 
0.0 
0.0 
0.8000000000000025 
1.4000000000000021 
1.0 
1.0 
1.0 
1.0 
1.0 
0.0 
0.0 
0.0 
0.0 
0.0 
0.0 
0.0 
0.0 
0.0 
0.0 
0.0 
0.0 
0.0 
0.0 
1.0 
0.0 
