0.0 
0.0 
3.0 
1.0 
0.0 
3.0 
2.0 
2.0 
4.0 
0.0 
3.0 
0.0 
2.0 
3.0 
2.0 
1.0 
2.0 
0.0 
0.0 
2.0 
1.0 
3.0 
0.0 
1.0 
4.0 
3.0 
1.0 
2.0 
1.0 
4.0 
-------------------------------------------------------------------------------------------------------------
0.0 
1.0 
0.0 
1.0 
0.0 
1.0 
0.0 
0.0 
0.0 
3.0 
0.0 
0.0 
0.0 
0.0 
1.0 
0.0 
0.0 
2.0 
0.0 
0.0 
0.0 
1.0 
1.0 
0.0 
0.0 
0.0 
0.0 
0.0 
0.0 
1.0 
-------------------------------------------------------------------------------------------------------------
5.0 
8.0 
3.0 
6.0 
3.0 
9.0 
2.0 
5.0 
7.0 
3.4000000000000004 
9.6 
11.8 
10.6 
9.6 
10.0 
3.0 
9.0 
10.0 
11.0 
7.0 
7.0 
5.0 
7.0 
4.0 
3.0 
5.0 
8.0 
2.0 
6.0 
8.0 
-------------------------------------------------------------------------------------------------------------
0.0 
1.0 
2.0 
1.0 
2.0 
1.0 
2.0 
2.0 
1.0 
4.600000000000001 
0.0 
0.7999999999999989 
0.0 
1.5999999999999996 
1.0 
1.0 
3.0 
0.0 
1.0 
3.0 
2.0 
1.0 
0.0 
3.0 
2.0 
3.0 
4.0 
4.0 
2.0 
1.0 
