-----------------------------PL2 PRODUCTION-------------------------------------- 
0.0 
1.0 
2.0 
1.0 
2.0 
1.0 
2.0 
2.0 
1.0 
2.0 
0.0 
2.0 
1.8000000000000007 
1.1999999999999993 
1.0 
1.0 
3.0 
0.0 
1.0 
3.0 
2.0 
1.0 
0.0 
3.0 
2.0 
3.0 
4.0 
4.0 
2.0 
1.0 
-----------------------------CUT PRODUCTION---------------------------------------- 
0.0 
1.0 
2.0 
1.0 
2.0 
1.0 
2.0 
2.0 
1.0 
2.0 
0.0 
2.0 
1.0 
2.0 
1.0 
1.0 
3.0 
0.0 
1.0 
3.0 
2.0 
1.0 
0.0 
3.0 
2.0 
3.0 
4.0 
4.0 
2.0 
1.0 
-----------------------------WIP AMOUNTS---------------------------------------- 
0.0 
0.0 
0.0 
0.0 
0.0 
0.0 
0.0 
0.0 
0.0 
0.0 
0.0 
0.0 
0.8000000000000007 
0.0 
0.0 
0.0 
0.0 
0.0 
0.0 
0.0 
0.0 
0.0 
0.0 
0.0 
0.0 
0.0 
0.0 
0.0 
0.0 
0.0 
