1.0 
2.0 
2.0 
0.0 
2.0 
1.0 
3.0 
1.0 
3.0 
3.0 
-------------------------------------------------------------------------------------------------------------
0.0 
0.0 
0.0 
1.4000000000000021 
0.5999999999999979 
0.0 
2.0 
0.0 
0.0 
1.0 
-------------------------------------------------------------------------------------------------------------
8.0 
8.0 
9.0 
8.0 
8.0 
8.0 
7.0 
7.0 
9.0 
7.0 
-------------------------------------------------------------------------------------------------------------
0.0 
1.0 
1.0 
2.0 
2.0000000000000018 
3.5999999999999996 
0.5999999999999996 
4.6 
1.1999999999999993 
4.0 
