-----------------------------PL1 PRODUCTION-------------------------------------- 
0.0 
0.0 
1.0 
0.0 
2.0000000000000018 
0.1999999999999993 
0.0 
2.1999999999999993 
0.0 
0.5999999999999996 
-----------------------------CUT PRODUCTION-------------------------------------- 
0.0 
0.0 
1.0 
0.0 
0.0 
0.0 
1.0 
2.0 
1.0 
1.0 
-----------------------------WIP AMOUNTS---------------------------------------- 
0.0 
0.0 
0.0 
0.0 
2.0000000000000018 
2.200000000000001 
1.200000000000001 
1.4000000000000004 
0.40000000000000036 
0.0 
