-----------------------------PL2 PRODUCTION-------------------------------------- 
0.0 
4.0 
3.0 
1.0 
4.0 
1.0 
0.0 
1.0 
0.0 
1.0 
0.0 
0.0 
0.0 
0.0 
4.0 
2.0 
2.0 
0.0 
3.0 
3.0 
3.0 
3.0 
4.0 
3.0 
4.199999999999999 
2.4000000000000004 
2.4000000000000004 
0.0 
1.0 
3.0 
-----------------------------CUT PRODUCTION---------------------------------------- 
0.0 
4.0 
3.0 
1.0 
4.0 
1.0 
0.0 
1.0 
0.0 
1.0 
0.0 
0.0 
0.0 
0.0 
4.0 
2.0 
2.0 
0.0 
3.0 
3.0 
3.0 
3.0 
4.0 
3.0 
3.0 
2.0 
4.0 
0.0 
1.0 
3.0 
-----------------------------WIP AMOUNTS---------------------------------------- 
0.0 
0.0 
0.0 
0.0 
0.0 
0.0 
0.0 
0.0 
0.0 
0.0 
0.0 
0.0 
0.0 
0.0 
0.0 
0.0 
0.0 
0.0 
0.0 
0.0 
0.0 
0.0 
0.0 
0.0 
1.1999999999999993 
1.5999999999999996 
0.0 
0.0 
0.0 
0.0 
