-----------------------------PL1 PRODUCTION-------------------------------------- 
1.0 
0.0 
1.4000000000000021 
0.5999999999999996 
0.5999999999999996 
0.5999999999999996 
1.5999999999999996 
0.1999999999999993 
0.0 
0.0 
0.0 
0.0 
1.0 
0.0 
0.0 
0.0 
0.0 
0.0 
0.0 
1.0 
1.0 
0.0 
0.0 
0.0 
1.0 
1.0 
0.0 
1.0 
0.0 
1.0 
-----------------------------CUT PRODUCTION-------------------------------------- 
1.0 
0.0 
0.0 
1.0 
1.0 
0.0 
2.0 
0.0 
1.0 
0.0 
0.0 
0.0 
1.0 
0.0 
0.0 
0.0 
0.0 
0.0 
0.0 
1.0 
1.0 
0.0 
0.0 
0.0 
1.0 
1.0 
0.0 
1.0 
0.0 
1.0 
-----------------------------WIP AMOUNTS---------------------------------------- 
0.0 
0.0 
1.4000000000000021 
1.0000000000000018 
0.6000000000000014 
1.200000000000001 
0.8000000000000007 
1.0 
0.0 
0.0 
0.0 
0.0 
0.0 
0.0 
0.0 
0.0 
0.0 
0.0 
0.0 
0.0 
0.0 
0.0 
0.0 
0.0 
0.0 
0.0 
0.0 
0.0 
0.0 
0.0 
