-----------------------------PL2 PRODUCTION-------------------------------------- 
0.0 
1.0 
1.0 
2.0 
2.0 
1.0 
1.0 
3.4000000000000004 
0.5999999999999996 
3.4000000000000004 
1.5999999999999996 
2.0 
1.0 
3.0 
3.0 
1.0 
0.0 
1.0 
2.0 
3.0 
1.0 
1.0 
2.0 
1.0 
3.0 
2.0 
3.0 
2.4000000000000004 
1.5999999999999996 
1.0 
-----------------------------CUT PRODUCTION---------------------------------------- 
0.0 
1.0 
1.0 
2.0 
2.0 
1.0 
1.0 
2.0 
2.0 
2.0 
3.0 
2.0 
1.0 
3.0 
3.0 
1.0 
0.0 
1.0 
2.0 
3.0 
1.0 
1.0 
2.0 
1.0 
3.0 
2.0 
3.0 
1.0 
3.0 
1.0 
-----------------------------WIP AMOUNTS---------------------------------------- 
0.0 
0.0 
0.0 
0.0 
0.0 
0.0 
0.0 
1.4000000000000004 
0.0 
1.4000000000000004 
0.0 
0.0 
0.0 
0.0 
0.0 
0.0 
0.0 
0.0 
0.0 
0.0 
0.0 
0.0 
0.0 
0.0 
0.0 
0.0 
0.0 
1.4000000000000004 
0.0 
0.0 
