-----------------------------PL2 PRODUCTION-------------------------------------- 
1.0 
0.0 
2.0 
3.0 
3.0 
0.0 
1.0 
1.5999999999999996 
2.4000000000000004 
1.0 
1.0 
1.1999999999999993 
4.4 
1.4000000000000004 
2.0 
2.0 
2.0 
1.0 
2.0 
1.0 
2.0 
2.0 
1.0 
2.0 
2.5999999999999996 
2.4000000000000004 
1.0 
3.0 
1.0 
1.0 
-----------------------------CUT PRODUCTION---------------------------------------- 
1.0 
0.0 
2.0 
3.0 
3.0 
0.0 
1.0 
1.0 
3.0 
1.0 
1.0 
1.0 
3.0 
3.0 
2.0 
2.0 
2.0 
1.0 
2.0 
1.0 
2.0 
2.0 
1.0 
2.0 
2.0 
3.0 
1.0 
3.0 
1.0 
1.0 
-----------------------------WIP AMOUNTS---------------------------------------- 
0.0 
0.0 
0.0 
0.0 
0.0 
0.0 
0.0 
0.5999999999999996 
0.0 
0.0 
0.0 
0.1999999999999993 
1.5999999999999996 
0.0 
0.0 
0.0 
0.0 
0.0 
0.0 
0.0 
0.0 
0.0 
0.0 
0.0 
0.5999999999999996 
0.0 
0.0 
0.0 
0.0 
0.0 
