-----------------------------PL1 PRODUCTION-------------------------------------- 
0.0 
0.0 
0.0 
0.0 
0.0 
1.0 
1.0 
1.875 
3.125 
3.0 
0.0 
0.0 
2.0 
0.0 
1.0 
0.0 
0.0 
2.0 
0.0 
0.0 
0.0 
1.0 
1.0 
0.0 
0.0 
0.0 
0.0 
0.0 
0.0 
1.0 
-----------------------------CUT PRODUCTION-------------------------------------- 
0.0 
0.0 
0.0 
0.0 
0.0 
1.0 
1.0 
1.875 
3.125 
3.0 
0.0 
0.0 
2.0 
0.0 
1.0 
0.0 
0.0 
2.0 
0.0 
0.0 
0.0 
1.0 
1.0 
0.0 
0.0 
0.0 
0.0 
0.0 
0.0 
1.0 
-----------------------------WIP AMOUNTS---------------------------------------- 
0.0 
0.0 
0.0 
0.0 
0.0 
0.0 
0.0 
0.0 
0.0 
0.0 
0.0 
0.0 
0.0 
0.0 
0.0 
0.0 
0.0 
0.0 
0.0 
0.0 
0.0 
0.0 
0.0 
0.0 
0.0 
0.0 
0.0 
0.0 
0.0 
0.0 
