-----------------------------PL2 PRODUCTION-------------------------------------- 
3.0 
1.0 
1.0 
3.0 
3.0 
2.0 
3.0 
1.0 
1.0 
2.0 
1.0 
1.0 
3.0 
1.0 
1.0 
2.0 
2.0 
2.0 
0.0 
1.0 
-----------------------------CUT PRODUCTION---------------------------------------- 
3.0 
1.0 
1.0 
3.0 
3.0 
2.0 
3.0 
1.0 
1.0 
2.0 
1.0 
1.0 
3.0 
1.0 
1.0 
2.0 
2.0 
2.0 
0.0 
1.0 
-----------------------------WIP AMOUNTS---------------------------------------- 
0.0 
0.0 
0.0 
0.0 
0.0 
0.0 
0.0 
0.0 
0.0 
0.0 
0.0 
0.0 
0.0 
0.0 
0.0 
0.0 
0.0 
0.0 
0.0 
0.0 
