-----------------------------PL2 PRODUCTION-------------------------------------- 
1.0 
3.200000000000001 
2.1999999999999993 
0.0 
2.5999999999999996 
2.0 
2.0 
2.0 
3.4000000000000004 
1.5999999999999996 
-----------------------------CUT PRODUCTION---------------------------------------- 
1.0 
2.0 
1.0 
2.0 
3.0 
2.0 
2.0 
2.0 
3.0 
2.0 
-----------------------------WIP AMOUNTS---------------------------------------- 
0.0 
1.200000000000001 
2.4000000000000004 
0.40000000000000036 
0.0 
0.0 
0.0 
0.0 
0.40000000000000036 
0.0 
