2.0 
2.0 
1.0 
4.0 
2.0 
1.0 
2.0 
3.0 
1.0 
2.0 
-------------------------------------------------------------------------------------------------------------
1.0 
0.0 
0.40000000000000036 
0.5999999999999996 
0.0 
0.0 
0.0 
1.0 
1.0 
1.0 
-------------------------------------------------------------------------------------------------------------
8.0 
7.0 
9.4 
8.6 
8.0 
9.0 
8.0 
6.0 
5.0 
9.0 
-------------------------------------------------------------------------------------------------------------
1.0 
2.0 
1.0 
2.0 
3.0 
2.0 
2.0 
2.0 
3.0 
2.0 
