2.0 
0.0 
3.0 
0.0 
0.0 
1.0 
2.0 
1.0 
3.0 
3.0 
2.0 
2.0 
3.0 
3.0 
3.0 
2.0 
1.0 
0.0 
1.0 
1.0 
1.0 
1.0 
3.0 
3.0 
1.0 
2.0 
2.0 
2.0 
2.0 
1.0 
-------------------------------------------------------------------------------------------------------------
0.0 
0.0 
1.0 
0.0 
0.0 
1.0 
1.0 
1.4000000000000004 
0.5999999999999996 
0.0 
0.0 
0.0 
0.0 
0.0 
1.0 
1.0 
0.0 
0.0 
1.0 
0.0 
0.0 
1.0 
1.0 
0.0 
1.0 
0.0 
1.0 
0.0 
1.0 
0.0 
-------------------------------------------------------------------------------------------------------------
4.0 
7.0 
7.0 
5.0 
4.0 
7.0 
7.0 
7.0 
9.0 
4.0 
6.0 
7.0 
7.4 
9.6 
8.0 
8.0 
3.0 
4.0 
3.0 
9.0 
9.0 
10.0 
5.0 
4.0 
10.0 
10.0 
5.0 
7.0 
9.0 
8.0 
-------------------------------------------------------------------------------------------------------------
1.0 
0.0 
2.0 
3.0 
3.0 
0.0 
1.0 
1.0 
3.0 
1.0 
1.0 
3.6000000000000014 
2.1999999999999993 
1.1999999999999993 
2.0 
2.0 
2.0 
1.0 
2.0 
1.0 
2.0 
2.0 
1.0 
2.8000000000000007 
1.1999999999999993 
3.0 
1.0 
3.0 
1.0 
1.0 
