2.0 
1.0 
1.0 
3.0 
4.0 
1.0 
3.0 
0.0 
0.0 
2.0 
-------------------------------------------------------------------------------------------------------------
0.0 
0.0 
1.0 
0.0 
0.0 
0.0 
1.0 
2.4000000000000004 
0.5999999999999996 
1.0 
-------------------------------------------------------------------------------------------------------------
5.0 
3.0 
7.0 
5.0 
4.0 
8.4 
9.6 
6.4 
12.6 
10.0 
-------------------------------------------------------------------------------------------------------------
0.0 
2.0 
3.0 
3.0 
1.0 
2.200000000000001 
0.7999999999999989 
2.0 
2.0 
0.0 
