-----------------------------PL2 PRODUCTION-------------------------------------- 
1.0 
0.0 
0.0 
0.0 
1.0 
1.0 
1.0 
1.0 
7.0 
2.0 
0.0 
2.0 
1.0 
2.0 
1.0 
1.0 
3.0 
0.0 
1.0 
3.0 
2.0 
1.0 
0.0 
4.0 
3.0 
3.0 
4.0 
4.0 
2.0 
1.0 
-----------------------------CUT PRODUCTION---------------------------------------- 
1.0 
0.0 
0.0 
0.0 
1.0 
1.0 
1.0 
1.0 
7.0 
2.0 
0.0 
2.0 
1.0 
2.0 
1.0 
1.0 
3.0 
0.0 
1.0 
3.0 
2.0 
1.0 
0.0 
4.0 
3.0 
3.0 
4.0 
4.0 
2.0 
1.0 
-----------------------------WIP AMOUNTS---------------------------------------- 
0.0 
0.0 
0.0 
0.0 
0.0 
0.0 
0.0 
0.0 
0.0 
0.0 
0.0 
0.0 
0.0 
0.0 
0.0 
0.0 
0.0 
0.0 
0.0 
0.0 
0.0 
0.0 
0.0 
0.0 
0.0 
0.0 
0.0 
0.0 
0.0 
0.0 
