-----------------------------PL2 PRODUCTION-------------------------------------- 
3.0 
2.0 
2.0 
0.0 
1.0 
2.4000000000000004 
2.5999999999999996 
4.200000000000001 
0.0 
4.6 
0.1999999999999993 
0.0 
1.4000000000000004 
1.5999999999999996 
4.0 
2.0 
1.0 
1.0 
0.0 
1.0 
-----------------------------CUT PRODUCTION---------------------------------------- 
3.0 
2.0 
1.0 
1.0 
1.0 
2.0 
3.0 
2.200000000000001 
0.0 
4.6 
1.1999999999999993 
1.0 
1.0 
2.0 
4.0 
2.0 
1.0 
1.0 
0.0 
1.0 
-----------------------------WIP AMOUNTS---------------------------------------- 
0.0 
0.0 
1.0 
0.0 
0.0 
0.40000000000000036 
0.0 
2.0 
2.0 
2.0 
1.0 
0.0 
0.40000000000000036 
0.0 
0.0 
0.0 
0.0 
0.0 
0.0 
0.0 
