-----------------------------PL1 PRODUCTION-------------------------------------- 
0.40000000000000036 
0.0 
0.5999999999999996 
0.0 
0.0 
0.0 
2.0 
0.0 
0.0 
0.0 
1.4000000000000004 
0.5999999999999996 
0.0 
0.0 
0.0 
2.200000000000001 
0.5999999999999996 
1.1999999999999993 
0.0 
1.0 
0.0 
0.0 
1.4000000000000004 
0.5999999999999996 
0.0 
0.0 
0.20000000000000107 
0.5999999999999996 
0.5999999999999996 
0.5999999999999996 
-----------------------------CUT PRODUCTION-------------------------------------- 
0.0 
0.0 
1.0 
0.0 
0.0 
0.0 
0.0 
1.0 
1.0 
0.0 
1.0 
1.0 
0.0 
0.0 
0.0 
1.0 
0.0 
1.0 
2.0 
0.0 
1.0 
0.0 
1.0 
1.0 
0.0 
0.0 
0.0 
0.0 
1.0 
1.0 
-----------------------------WIP AMOUNTS---------------------------------------- 
0.40000000000000036 
0.40000000000000036 
0.0 
0.0 
0.0 
0.0 
2.0 
1.0 
0.0 
0.0 
0.40000000000000036 
0.0 
0.0 
0.0 
0.0 
1.200000000000001 
1.8000000000000007 
2.0 
0.0 
1.0 
0.0 
0.0 
0.40000000000000036 
0.0 
0.0 
0.0 
0.20000000000000107 
0.8000000000000007 
0.40000000000000036 
0.0 
