-----------------------------PL1 PRODUCTION-------------------------------------- 
2.0 
0.0 
0.0 
0.0 
1.0 
0.0 
0.0 
0.8000000000000007 
1.1999999999999993 
0.0 
0.0 
0.0 
0.0 
0.0 
1.0 
0.0 
0.0 
1.0 
0.0 
0.0 
-----------------------------CUT PRODUCTION-------------------------------------- 
2.0 
0.0 
0.0 
0.0 
0.0 
1.0 
0.0 
0.0 
1.0 
1.0 
0.0 
0.0 
0.0 
0.0 
1.0 
0.0 
0.0 
1.0 
0.0 
0.0 
-----------------------------WIP AMOUNTS---------------------------------------- 
0.0 
0.0 
0.0 
0.0 
1.0 
0.0 
0.0 
0.8000000000000007 
1.0 
0.0 
0.0 
0.0 
0.0 
0.0 
0.0 
0.0 
0.0 
0.0 
0.0 
0.0 
