2.0 
1.0 
1.0 
2.0 
2.0 
1.0 
3.0 
2.0 
2.0 
2.0 
-------------------------------------------------------------------------------------------------------------
1.0 
0.0 
0.0 
0.0 
0.20000000000000107 
1.799999999999999 
0.0 
2.0 
0.0 
0.0 
-------------------------------------------------------------------------------------------------------------
6.0 
9.0 
7.0 
7.0 
6.0 
9.0 
8.0 
8.0 
8.0 
7.0 
-------------------------------------------------------------------------------------------------------------
1.0 
1.0 
3.0 
2.0 
2.0 
1.0 
2.0 
3.0 
2.0 
1.0 
