-----------------------------PL1 PRODUCTION-------------------------------------- 
1.0 
0.0 
0.0 
0.0 
0.0 
1.0 
4.0 
0.0 
0.0 
0.0 
0.0 
0.0 
1.600000000000005 
0.7999999999999989 
0.0 
0.0 
2.5999999999999996 
1.9999999999999964 
0.0 
0.0 
0.0 
0.0 
0.0 
0.0 
0.0 
0.0 
0.0 
1.0 
0.0 
0.0 
-----------------------------CUT PRODUCTION-------------------------------------- 
0.0 
1.0 
0.0 
0.0 
0.0 
1.0 
1.0 
1.0 
1.0 
1.0 
0.0 
0.0 
1.0 
0.0 
1.0 
0.0 
1.0 
1.0 
1.0 
0.0 
0.0 
0.0 
0.0 
0.0 
1.0 
1.0 
0.0 
1.0 
0.0 
0.0 
-----------------------------WIP AMOUNTS---------------------------------------- 
1.0 
0.0 
0.0 
0.0 
0.0 
0.0 
3.0 
2.0 
1.0 
0.0 
0.0 
0.0 
0.600000000000005 
1.400000000000004 
0.4000000000000039 
0.4000000000000039 
2.0000000000000036 
3.0 
2.0 
2.0 
2.0 
2.0 
2.0 
2.0 
1.0 
0.0 
0.0 
0.0 
0.0 
0.0 
