-----------------------------PL2 PRODUCTION-------------------------------------- 
0.40000000000000036 
3.5999999999999996 
3.0 
2.4000000000000004 
2.5999999999999996 
1.0 
0.20000000000000107 
1.799999999999999 
0.0 
0.0 
0.0 
0.0 
0.0 
0.8000000000000007 
3.5999999999999996 
1.5999999999999996 
2.0 
0.6000000000000032 
4.6 
2.5999999999999996 
2.5999999999999996 
5.6 
4.6 
2.5999999999999996 
3.5999999999999996 
0.5999999999999996 
0.5999999999999996 
0.0 
1.0 
3.0 
-----------------------------CUT PRODUCTION---------------------------------------- 
0.0 
4.0 
3.0 
1.0 
4.0 
1.0 
0.0 
1.0 
0.0 
1.0 
0.0 
0.0 
0.0 
0.0 
4.0 
2.0 
2.0 
0.0 
3.0 
3.0 
3.0 
3.0 
4.600000000000001 
2.5999999999999996 
2.799999999999999 
2.0 
4.0 
0.0 
1.0 
3.0 
-----------------------------WIP AMOUNTS---------------------------------------- 
0.40000000000000036 
0.0 
0.0 
1.4000000000000004 
0.0 
0.0 
0.20000000000000107 
1.0 
1.0 
0.0 
0.0 
0.0 
0.0 
0.8000000000000007 
0.40000000000000036 
0.0 
0.0 
0.6000000000000032 
2.200000000000003 
1.8000000000000025 
1.4000000000000021 
4.000000000000002 
4.0 
4.0 
4.800000000000001 
3.4000000000000004 
0.0 
0.0 
0.0 
0.0 
