-----------------------------PL1 PRODUCTION-------------------------------------- 
2.0 
0.0 
0.0 
0.0 
0.0 
1.0 
0.0 
0.0 
1.0 
1.0 
0.0 
0.0 
0.0 
0.0 
1.0 
0.0 
0.0 
1.0 
0.0 
0.0 
-----------------------------CUT PRODUCTION-------------------------------------- 
2.0 
0.0 
0.0 
0.0 
0.0 
1.0 
0.0 
0.0 
1.0 
1.0 
0.0 
0.0 
0.0 
0.0 
1.0 
0.0 
0.0 
1.0 
0.0 
0.0 
-----------------------------WIP AMOUNTS---------------------------------------- 
0.0 
0.0 
0.0 
0.0 
0.0 
0.0 
0.0 
0.0 
0.0 
0.0 
0.0 
0.0 
0.0 
0.0 
0.0 
0.0 
0.0 
0.0 
0.0 
0.0 
