-----------------------------PL1 PRODUCTION-------------------------------------- 
0.8000000000000043 
0.5999999999999996 
0.5999999999999996 
1.5999999999999996 
0.9999999999999982 
0.0 
0.0 
0.0 
0.0 
1.5999999999999996 
0.5999999999999996 
0.5999999999999996 
0.5999999999999996 
0.0 
0.0 
0.0 
0.0 
0.0 
0.0 
2.0 
-----------------------------CUT PRODUCTION-------------------------------------- 
0.0 
0.0 
1.0 
2.0 
0.0 
0.0 
1.0 
0.0 
0.0 
0.0 
1.0 
0.0 
0.0 
2.0 
0.0 
1.0 
0.0 
0.0 
0.0 
2.0 
-----------------------------WIP AMOUNTS---------------------------------------- 
0.8000000000000043 
1.400000000000004 
1.0000000000000036 
0.6000000000000032 
1.6000000000000014 
1.6000000000000014 
0.6000000000000014 
0.6000000000000014 
0.6000000000000014 
2.200000000000001 
1.8000000000000007 
2.4000000000000004 
3.0 
1.0 
1.0 
0.0 
0.0 
0.0 
0.0 
0.0 
