-----------------------------PL2 PRODUCTION-------------------------------------- 
3.0 
2.0 
0.0 
3.8000000000000007 
2.1999999999999993 
0.0 
0.0 
0.0 
2.0 
0.0 
1.0 
1.0 
2.0 
0.0 
2.0 
0.0 
3.0 
2.0 
3.0 
2.0 
-----------------------------CUT PRODUCTION---------------------------------------- 
3.0 
2.0 
0.0 
2.0 
1.0 
3.0 
0.0 
0.0 
2.0 
0.0 
1.0 
1.0 
2.0 
0.0 
2.0 
0.0 
3.0 
2.0 
3.0 
2.0 
-----------------------------WIP AMOUNTS---------------------------------------- 
0.0 
0.0 
0.0 
1.8000000000000007 
3.0 
0.0 
0.0 
0.0 
0.0 
0.0 
0.0 
0.0 
0.0 
0.0 
0.0 
0.0 
0.0 
0.0 
0.0 
0.0 
