-----------------------------PL1 PRODUCTION-------------------------------------- 
0.8000000000000025 
1.5999999999999996 
0.5999999999999996 
1.1999999999999993 
0.0 
0.7999999999999989 
0.0 
0.0 
0.0 
0.0 
-----------------------------CUT PRODUCTION-------------------------------------- 
0.0 
0.0 
0.0 
1.6000000000000014 
0.3999999999999986 
1.0 
0.0 
2.0 
0.0 
0.0 
-----------------------------WIP AMOUNTS---------------------------------------- 
0.8000000000000025 
2.400000000000002 
3.0000000000000018 
2.5999999999999996 
2.200000000000001 
2.0 
2.0 
0.0 
0.0 
0.0 
