0.0 
2.0 
1.0 
3.0 
2.0 
2.0 
3.0 
1.0 
3.0 
3.0 
-------------------------------------------------------------------------------------------------------------
0.0 
0.0 
0.0 
1.6000000000000014 
0.3999999999999986 
1.0 
0.0 
2.0 
0.0 
0.0 
-------------------------------------------------------------------------------------------------------------
10.0 
8.0 
9.0 
8.0 
7.0 
7.0 
8.0 
8.0 
7.0 
8.0 
-------------------------------------------------------------------------------------------------------------
1.0 
1.0 
2.0 
0.0 
4.0 
1.8000000000000007 
2.1999999999999993 
4.0 
2.0 
2.0 
