-----------------------------PL2 PRODUCTION-------------------------------------- 
0.0 
1.0 
1.0 
2.0 
2.0000000000000018 
3.5999999999999996 
2.5999999999999996 
4.6 
0.5999999999999996 
2.5999999999999996 
-----------------------------CUT PRODUCTION---------------------------------------- 
0.0 
1.0 
1.0 
2.0 
1.0 
3.0 
2.0 
4.0 
2.0 
4.0 
-----------------------------WIP AMOUNTS---------------------------------------- 
0.0 
0.0 
0.0 
0.0 
1.0000000000000018 
1.6000000000000014 
2.200000000000001 
2.8000000000000007 
1.4000000000000004 
0.0 
