-----------------------------PL1 PRODUCTION-------------------------------------- 
2.8000000000000007 
1.5999999999999996 
0.5999999999999996 
0.0 
0.0 
2.0 
0.0 
0.0 
0.0 
0.0 
0.0 
0.0 
0.0 
0.0 
0.0 
0.0 
0.0 
0.0 
0.40000000000000036 
1.5999999999999996 
-----------------------------CUT PRODUCTION-------------------------------------- 
1.0 
3.0 
1.0 
0.0 
0.0 
0.0 
1.0 
1.0 
0.0 
0.0 
0.0 
0.0 
0.0 
0.0 
0.0 
0.0 
0.0 
0.0 
0.0 
2.0 
-----------------------------WIP AMOUNTS---------------------------------------- 
1.8000000000000007 
0.40000000000000036 
0.0 
0.0 
0.0 
2.0 
1.0 
0.0 
0.0 
0.0 
0.0 
0.0 
0.0 
0.0 
0.0 
0.0 
0.0 
0.0 
0.40000000000000036 
0.0 
