-----------------------------PL1 PRODUCTION-------------------------------------- 
1.8000000000000007 
0.1999999999999993 
0.0 
0.8000000000000025 
0.7999999999999989 
0.0 
0.0 
1.3999999999999986 
0.0 
0.0 
0.0 
0.20000000000000107 
0.5999999999999996 
0.1999999999999993 
0.0 
0.0 
1.200000000000001 
1.5999999999999996 
0.5999999999999996 
0.5999999999999996 
-----------------------------CUT PRODUCTION-------------------------------------- 
1.0 
0.0 
1.0 
0.0 
0.0 
0.0 
1.0 
1.0 
0.0 
1.0 
0.0 
0.0 
0.0 
0.0 
1.0 
0.0 
1.0 
1.0 
1.0 
1.0 
-----------------------------WIP AMOUNTS---------------------------------------- 
0.8000000000000007 
1.0 
0.0 
0.8000000000000025 
1.6000000000000014 
1.6000000000000014 
0.6000000000000014 
1.0 
1.0 
0.0 
0.0 
0.20000000000000107 
0.8000000000000007 
1.0 
0.0 
0.0 
0.20000000000000107 
0.8000000000000007 
0.40000000000000036 
0.0 
