-----------------------------PL2 PRODUCTION-------------------------------------- 
1.0 
3.4000000000000004 
0.5999999999999996 
3.0 
2.8000000000000007 
0.5999999999999996 
0.5999999999999996 
2.200000000000001 
3.5999999999999996 
2.5999999999999996 
2.5999999999999996 
1.0 
1.0 
2.4000000000000004 
3.5999999999999996 
2.0 
2.0 
1.0 
1.0 
2.0 
-----------------------------CUT PRODUCTION---------------------------------------- 
1.0 
3.0 
1.0 
3.0 
2.0 
1.0 
1.0 
2.0 
3.0 
2.0 
4.0 
1.0 
1.0 
2.0 
4.0 
2.0 
2.0 
1.0 
1.0 
2.0 
-----------------------------WIP AMOUNTS---------------------------------------- 
0.0 
0.40000000000000036 
0.0 
0.0 
0.8000000000000007 
0.40000000000000036 
0.0 
0.20000000000000107 
0.8000000000000007 
1.4000000000000004 
0.0 
0.0 
0.0 
0.40000000000000036 
0.0 
0.0 
0.0 
0.0 
0.0 
0.0 
