1.0 
2.0 
1.0 
1.0 
1.0 
1.0 
1.0 
3.0 
3.0 
1.0 
1.0 
2.0 
1.0 
1.0 
2.0 
3.0 
4.0 
2.0 
2.0 
3.0 
-------------------------------------------------------------------------------------------------------------
1.0 
3.0 
1.0 
0.0 
0.0 
0.0 
1.0 
1.0 
0.0 
0.0 
0.0 
0.0 
0.0 
0.0 
0.0 
0.0 
0.0 
0.0 
0.0 
2.0 
-------------------------------------------------------------------------------------------------------------
5.0 
8.0 
8.0 
5.0 
6.0 
6.0 
6.800000000000001 
9.6 
9.6 
7.0 
9.0 
6.0 
5.0 
9.0 
8.0 
9.0 
8.0 
7.0 
7.0 
5.0 
-------------------------------------------------------------------------------------------------------------
2.0 
1.0 
3.0 
1.0 
1.0 
1.0 
3.0 
1.0 
1.0 
2.0 
3.0 
2.0 
1.0 
3.0 
2.0 
1.0 
2.0 
1.0 
2.0 
3.0 
