-----------------------------PL2 PRODUCTION-------------------------------------- 
0.40000000000000036 
1.5999999999999996 
0.0 
0.0 
0.0 
2.0 
2.0 
2.0 
0.0 
0.0 
3.0 
2.0 
3.0 
2.0 
3.0 
2.0 
0.0 
2.0 
3.0 
2.0 
-----------------------------CUT PRODUCTION---------------------------------------- 
0.0 
2.0 
0.0 
0.0 
0.0 
2.0 
2.0 
2.0 
0.0 
0.0 
3.0 
2.0 
3.0 
2.0 
3.0 
2.0 
0.0 
2.0 
3.0 
2.0 
-----------------------------WIP AMOUNTS---------------------------------------- 
0.40000000000000036 
0.0 
0.0 
0.0 
0.0 
0.0 
0.0 
0.0 
0.0 
0.0 
0.0 
0.0 
0.0 
0.0 
0.0 
0.0 
0.0 
0.0 
0.0 
0.0 
