-----------------------------PL2 PRODUCTION-------------------------------------- 
0.0 
1.0 
2.0 
1.0 
2.4000000000000004 
0.5999999999999996 
2.0 
2.0 
1.0 
6.600000000000001 
0.0 
0.7999999999999989 
0.0 
0.0 
0.5999999999999996 
2.4000000000000004 
1.5999999999999996 
0.0 
1.0 
3.0 
2.0 
1.0 
0.0 
3.0 
2.0 
3.4000000000000004 
3.5999999999999996 
4.0 
2.4000000000000004 
0.5999999999999996 
-----------------------------CUT PRODUCTION---------------------------------------- 
0.0 
1.0 
2.0 
1.0 
2.0 
1.0 
2.0 
2.0 
1.0 
2.0 
0.0 
2.0 
1.0 
2.0 
1.0 
1.0 
3.0 
0.0 
1.0 
3.0 
2.0 
1.0 
0.0 
3.0 
2.0 
3.0 
4.0 
4.0 
2.0 
1.0 
-----------------------------WIP AMOUNTS---------------------------------------- 
0.0 
0.0 
0.0 
0.0 
0.40000000000000036 
0.0 
0.0 
0.0 
0.0 
4.600000000000001 
4.600000000000001 
3.4000000000000004 
2.4000000000000004 
0.40000000000000036 
0.0 
1.4000000000000004 
0.0 
0.0 
0.0 
0.0 
0.0 
0.0 
0.0 
0.0 
0.0 
0.40000000000000036 
0.0 
0.0 
0.40000000000000036 
0.0 
