-----------------------------PL2 PRODUCTION-------------------------------------- 
1.0 
0.0 
2.0 
3.0 
3.0 
0.0 
1.0 
3.4000000000000004 
0.5999999999999996 
1.0 
2.6000000000000014 
3.5999999999999996 
2.1999999999999993 
0.0 
1.5999999999999996 
2.0 
2.0 
1.0 
2.0 
1.0 
2.4000000000000004 
1.5999999999999996 
1.0 
4.800000000000001 
1.5999999999999996 
0.5999999999999996 
1.0 
3.0 
1.0 
1.0 
-----------------------------CUT PRODUCTION---------------------------------------- 
1.0 
0.0 
2.0 
3.0 
3.0 
0.0 
1.0 
1.0 
3.0 
1.0 
1.0 
1.0 
3.0 
3.0 
2.0 
2.0 
2.0 
1.0 
2.0 
1.0 
2.0 
2.0 
1.0 
2.0 
2.0 
3.0 
1.0 
3.0 
1.0 
1.0 
-----------------------------WIP AMOUNTS---------------------------------------- 
0.0 
0.0 
0.0 
0.0 
0.0 
0.0 
0.0 
2.4000000000000004 
0.0 
0.0 
1.6000000000000014 
4.200000000000001 
3.4000000000000004 
0.40000000000000036 
0.0 
0.0 
0.0 
0.0 
0.0 
0.0 
0.40000000000000036 
0.0 
0.0 
2.8000000000000007 
2.4000000000000004 
0.0 
0.0 
0.0 
0.0 
0.0 
