-----------------------------PL1 PRODUCTION-------------------------------------- 
1.0 
0.0 
0.0 
0.0 
0.0 
1.0 
4.0 
0.0 
0.0 
0.0 
0.0 
0.0 
1.600000000000005 
0.7999999999999989 
0.0 
0.0 
2.5999999999999996 
1.9999999999999964 
0.0 
0.0 
0.0 
0.0 
0.0 
0.0 
0.0 
0.0 
0.0 
1.0 
0.0 
0.0 
-----------------------------CUT PRODUCTION-------------------------------------- 
0.0 
1.0 
0.0 
0.0 
0.0 
1.0 
1.200000000000001 
0.7999999999999989 
1.0 
1.0 
0.0 
0.0 
1.0 
0.0 
1.0 
0.0 
1.0 
1.6000000000000032 
0.3999999999999968 
0.0 
0.0 
0.0 
1.4000000000000004 
0.0 
0.0 
0.5999999999999996 
0.0 
1.0 
0.0 
0.0 
-----------------------------WIP AMOUNTS---------------------------------------- 
1.0 
0.0 
0.0 
0.0 
0.0 
0.0 
2.799999999999999 
2.0 
1.0 
0.0 
0.0 
0.0 
0.600000000000005 
1.400000000000004 
0.4000000000000039 
0.4000000000000039 
2.0000000000000036 
2.399999999999997 
2.0 
2.0 
2.0 
2.0 
0.5999999999999996 
0.5999999999999996 
0.5999999999999996 
0.0 
0.0 
0.0 
0.0 
0.0 
