0.0 
3.0 
0.0 
0.0 
2.0 
0.0 
1.0 
3.0 
4.0 
3.0 
0.0 
3.0 
3.0 
2.0 
0.0 
3.0 
4.0 
2.0 
2.0 
4.0 
2.0 
0.0 
1.0 
2.0 
0.0 
4.0 
2.0 
1.0 
2.0 
2.0 
-------------------------------------------------------------------------------------------------------------
0.0 
1.0 
0.0 
0.0 
0.0 
1.0 
1.200000000000001 
0.7999999999999989 
1.0 
1.0 
0.0 
0.0 
1.0 
0.0 
1.0 
0.0 
1.0 
1.6000000000000032 
0.3999999999999968 
0.0 
0.0 
0.0 
1.4000000000000004 
0.0 
0.0 
0.5999999999999996 
0.0 
1.0 
0.0 
0.0 
-------------------------------------------------------------------------------------------------------------
9.0 
6.0 
5.0 
9.0 
8.0 
7.0 
5.0 
7.800000000000001 
8.6 
9.6 
6.4 
9.6 
5.0 
9.0 
9.0 
8.0 
4.0 
8.0 
6.0 
6.0 
8.0 
7.0 
7.0 
8.0 
9.0 
8.0 
10.0 
9.0 
5.0 
5.0 
-------------------------------------------------------------------------------------------------------------
0.0 
4.0 
3.0 
1.0 
4.0 
1.0 
0.0 
1.0 
0.0 
1.0 
0.0 
0.0 
0.0 
0.0 
4.0 
2.0 
2.0 
0.0 
4.200000000000003 
2.5999999999999996 
2.5999999999999996 
5.6 
3.1999999999999993 
2.5999999999999996 
3.5999999999999996 
0.0 
3.5999999999999996 
0.0 
1.0 
3.0 
