-----------------------------PL2 PRODUCTION-------------------------------------- 
4.200000000000001 
1.5999999999999996 
4.6 
0.5999999999999996 
0.0 
1.0 
0.0 
0.0 
1.0 
4.4 
1.5999999999999996 
3.0 
2.0 
0.0 
4.4 
1.5999999999999996 
1.0 
3.0 
1.0 
2.0 
0.0 
3.0 
1.0 
2.0 
1.0 
0.0 
4.0 
1.0 
0.0 
1.0 
-----------------------------CUT PRODUCTION---------------------------------------- 
4.0 
1.0 
3.0 
3.0 
0.0 
1.0 
0.0 
0.0 
1.0 
3.0 
3.0 
3.0 
2.0 
0.0 
4.0 
2.0 
1.0 
3.0 
1.0 
2.0 
0.0 
3.0 
1.0 
2.0 
1.0 
0.0 
4.0 
1.0 
0.0 
1.0 
-----------------------------WIP AMOUNTS---------------------------------------- 
0.20000000000000107 
0.8000000000000007 
2.4000000000000004 
0.0 
0.0 
0.0 
0.0 
0.0 
0.0 
1.4000000000000004 
0.0 
0.0 
0.0 
0.0 
0.40000000000000036 
0.0 
0.0 
0.0 
0.0 
0.0 
0.0 
0.0 
0.0 
0.0 
0.0 
0.0 
0.0 
0.0 
0.0 
0.0 
