-----------------------------PL2 PRODUCTION-------------------------------------- 
0.0 
1.0 
4.0 
1.0 
2.0 
4.0 
3.0 
0.0 
1.0 
0.0 
2.0 
0.0 
3.0 
4.0 
2.0 
2.0 
3.5999999999999996 
3.4000000000000004 
3.0 
1.0 
-----------------------------CUT PRODUCTION---------------------------------------- 
0.0 
1.0 
4.0 
1.0 
2.0 
4.0 
3.0 
0.0 
1.0 
0.0 
2.0 
0.0 
3.0 
4.0 
2.0 
2.0 
3.0 
4.0 
3.0 
1.0 
-----------------------------WIP AMOUNTS---------------------------------------- 
0.0 
0.0 
0.0 
0.0 
0.0 
0.0 
0.0 
0.0 
0.0 
0.0 
0.0 
0.0 
0.0 
0.0 
0.0 
0.0 
0.5999999999999996 
0.0 
0.0 
0.0 
