-----------------------------PL1 PRODUCTION-------------------------------------- 
0.0 
0.0 
0.0 
0.0 
0.0 
1.0 
1.0 
1.4000000000000004 
0.5999999999999996 
0.0 
0.0 
0.0 
0.0 
1.0 
1.0 
0.0 
1.0 
1.0 
0.0 
1.0 
0.0 
0.0 
0.0 
0.0 
0.0 
0.0 
0.0 
0.0 
1.0 
1.0 
-----------------------------CUT PRODUCTION-------------------------------------- 
0.0 
0.0 
0.0 
0.0 
0.0 
1.0 
1.0 
0.0 
2.0 
0.0 
0.0 
0.0 
0.0 
1.0 
1.0 
0.0 
1.0 
0.0 
1.0 
1.0 
0.0 
0.0 
0.0 
0.0 
0.0 
0.0 
0.0 
0.0 
1.0 
1.0 
-----------------------------WIP AMOUNTS---------------------------------------- 
0.0 
0.0 
0.0 
0.0 
0.0 
0.0 
0.0 
1.4000000000000004 
0.0 
0.0 
0.0 
0.0 
0.0 
0.0 
0.0 
0.0 
0.0 
1.0 
0.0 
0.0 
0.0 
0.0 
0.0 
0.0 
0.0 
0.0 
0.0 
0.0 
0.0 
0.0 
